dim 56 81 42
putvoxel 0 0 0 0.0 0.0 0.0 0.0
cutvoxel 0 0 0
putbox 0 56 0 1 0 42 0.4 0.4 0.4 1.0
putbox 1 55 1 2 1 41 0.4 0.4 0.4 1.0
putbox 2 54 2 3 2 40 0.4 0.4 0.4 1.0
putbox 3 53 3 4 3 39 0.4 0.4 0.4 1.0
putbox 4 52 4 5 4 38 0.4 0.4 0.4 1.0
putbox 5 51 5 6 5 37 0.4 0.4 0.4 1.0
putbox 6 50 6 7 6 36 0.4 0.4 0.4 1.0
putbox 7 49 7 8 7 35 0.4 0.4 0.4 1.0
putbox 26 30 8 25 18 19 1.0 1.0 1.0 1.0
putbox 26 29 25 26 18 19 1.0 1.0 1.0 1.0
putbox 26 28 26 27 18 19 1.0 1.0 1.0 1.0
putvoxel 26 27 18 1.0 1.0 1.0 1.0
putbox 30 31 8 28 18 19 0.6 0.6 0.6 1.0
putvoxel 29 25 18 0.6 0.6 0.6 1.0
putbox 28 30 26 27 18 19 0.6 0.6 0.6 1.0
putvoxel 27 27 18 0.6 0.6 0.6 1.0
putvoxel 29 27 18 0.6 0.6 0.6 1.0
putvoxel 28 27 18 0.15 0.15 0.15 1.0
putbox 26 31 28 29 18 19 0.15 0.15 0.15 1.0
putbox 25 26 8 31 19 20 0.15 0.15 0.15 1.0
putbox 31 32 8 31 19 20 0.15 0.15 0.15 1.0
putbox 32 33 8 28 20 21 1.0 1.0 1.0 1.0
putbox 24 25 8 28 20 21 1.0 1.0 1.0 1.0
putbox 24 25 28 31 20 21 0.6 0.6 0.6 1.0
putbox 32 33 28 31 20 21 0.6 0.6 0.6 1.0
putbox 26 31 30 31 19 20 0.15 0.15 0.15 1.0
putvoxel 26 29 19 1.0 1.0 1.0 1.0
putvoxel 27 29 19 0.15 0.15 0.15 1.0
putvoxel 28 29 19 1.0 1.0 1.0 1.0
putvoxel 29 29 19 0.15 0.15 0.15 1.0
putvoxel 30 29 19 1.0 1.0 1.0 1.0
putbox 26 31 30 31 19 20 0.15 0.15 0.15 1.0
putvoxel 28 31 19 0.15 0.15 0.15 1.0
putbox 23 24 8 31 21 22 0.15 0.15 0.15 1.0
putbox 33 34 8 31 21 22 0.15 0.15 0.15 1.0
putbox 32 33 8 28 22 23 1.0 1.0 1.0 1.0
putbox 24 25 8 28 22 23 1.0 1.0 1.0 1.0
putbox 32 33 28 31 22 23 0.6 0.6 0.6 1.0
putbox 24 25 28 31 22 23 0.6 0.6 0.6 1.0
putbox 25 26 8 31 23 24 0.15 0.15 0.15 1.0
putbox 31 32 8 31 23 24 0.15 0.15 0.15 1.0
putbox 27 31 8 25 24 25 1.0 1.0 1.0 1.0
putbox 28 31 25 26 24 25 1.0 1.0 1.0 1.0
putbox 29 31 26 27 24 25 1.0 1.0 1.0 1.0
putvoxel 30 27 24 25 1.0 1.0 1.0 1.0
putbox 26 27 8 28 24 25 0.6 0.6 0.6 1.0
putbox 26 28 25 28 24 25 0.6 0.6 0.6 1.0
putvoxel 28 26 24 0.6 0.6 0.6 1.0
putvoxel 28 27 24 0.15 0.15 0.15 1.0
putvoxel 29 27 24 0.6 0.6 0.6 1.0
putbox 26 31 28 29 24 25 0.15 0.15 0.15 1.0
putvoxel 26 29 23 1.0 1.0 1.0 1.0
putvoxel 27 29 23 0.15 0.15 0.15 1.0
putvoxel 28 29 23 1.0 1.0 1.0 1.0
putvoxel 29 29 23 0.15 0.15 0.15 1.0
putvoxel 30 29 23 1.0 1.0 1.0 1.0
putbox 26 31 30 31 23 24 0.15 0.15 0.15 1.0
putvoxel 28 31 23 0.15 0.15 0.15 1.0
putbox 26 31 31 32 22 23 1.0 1.0 1.0 1.0
putbox 25 26 31 33 22 23 0.6 0.6 0.6 1.0
putbox 24 25 31 33 21 22 0.15 0.15 0.15 1.0
putbox 31 32 31 33 22 23 0.6 0.6 0.6 1.0
putbox 32 33 31 33 21 22 0.15 0.15 0.15 1.0
putbox 26 30 32 34 22 23 1.0 1.0 1.0 1.0
putvoxel 29 34 22 1.0 1.0 1.0 1.0
putvoxel 28 34 22 0.6 0.6 0.6 1.0
putvoxel 27 34 22 1.0 1.0 1.0 1.0
putvoxel 26 34 22 1.0 1.0 1.0 1.0
putvoxel 26 35 22 1.0 1.0 1.0 1.0
putvoxel 27 35 22 0.6 0.6 0.6 1.0
putvoxel 27 36 22 0.6 0.6 0.6 1.0
putvoxel 26 36 22 0.6 0.6 0.6 1.0
putvoxel 26 37 22 0.6 0.6 0.6 1.0
putvoxel 28 35 22 0.6 0.6 0.6 1.0
putvoxel 29 35 22 0.6 0.6 0.6 1.0
putvoxel 29 36 22 0.6 0.6 0.6 1.0
putbox 30 31 32 38 22 23 0.6 0.6 0.6 1.0
putvoxel 29 36 20 0.6 0.6 0.6 1.0
putvoxel 31 32 20 0.6 0.6 0.6 1.0
putvoxel 31 31 20 0.6 0.6 0.6 1.0
putbox 26 31 31 32 20 21 1.0 1.0 1.0 1.0
putvoxel 25 31 20 0.6 0.6 0.6 1.0
putvoxel 25 32 20 0.6 0.6 0.6 1.0
putbox 27 31 32 34 20 21 1.0 1.0 1.0 1.0
putbox 26 27 32 38 20 21 0.6 0.6 0.6 1.0
putvoxel 27 34 20 1.0 1.0 1.0 1.0
putvoxel 30 34 20 1.0 1.0 1.0 1.0
putvoxel 28 34 20 0.6 0.6 0.6 1.0
putvoxel 28 35 20 0.6 0.6 0.6 1.0
putvoxel 27 35 20 0.6 0.6 0.6 1.0
putvoxel 29 35 20 0.6 0.6 0.6 1.0
putvoxel 30 34 20 1.0 1.0 1.0 1.0
putvoxel 30 35 20 1.0 1.0 1.0 1.0 
putvoxel 27 36 20 0.6 0.6 0.6 1.0
putvoxel 30 36 20 0.6 0.6 0.6 1.0
putvoxel 30 37 20 0.6 0.6 0.6 1.0
putvoxel 29 35 20 0.6 0.6 0.6 1.0
putvoxel 29 34 20 1.0 1.0 1.0 1.0
putvoxel 31 33 21 0.15 0.15 0.15 1.0
putvoxel 31 34 21 0.15 0.15 0.15 1.0
putbox 25 32 33 51 21 22 0.15 0.15 0.15 1.0
putvoxel 28 37 22 0.9 0.9 0.1 1.0
putvoxel 28 37 20 0.9 0.9 0.1 1.0
putbox 27 30 38 40 22 23 0.9 0.9 0.1 1.0
putbox 27 30 38 40 20 21 0.9 0.9 0.1 1.0
putvoxel 30 39 22 0.9 0.9 0.1 1.0
putvoxel 26 39 20 0.9 0.9 0.1 1.0
putvoxel 30 39 20 0.9 0.9 0.1 1.0
putvoxel 26 39 22 0.9 0.9 0.1 1.0
putvoxel 26 41 22 0.9 0.9 0.1 1.0
putvoxel 26 41 20 0.9 0.9 0.1 1.0
putvoxel 30 41 20 0.9 0.9 0.1 1.0
putvoxel 30 41 22 0.9 0.9 0.1 1.0
putbox 27 30 41 43 22 23 0.9 0.9 0.1 1.0
putbox 27 30 41 43 20 21 0.9 0.9 0.1 1.0
putvoxel 28 43 22 0.9 0.9 0.1 1.0
putvoxel 28 43 20 0.9 0.9 0.1 1.0
putvoxel 30 43 20 0.0 0.0 0.7 1.0
putvoxel 30 44 20 0.0 0.0 0.7 1.0
putvoxel 29 44 20 0.0 0.0 0.7 1.0
putvoxel 27 44 20 0.0 0.0 0.7 1.0
putvoxel 26 44 20 0.0 0.0 0.7 1.0
putvoxel 26 43 20 0.0 0.0 0.7 1.0
putvoxel 30 43 22 0.0 0.0 0.7 1.0
putvoxel 30 44 22 0.0 0.0 0.7 1.0
putvoxel 29 44 22 0.0 0.0 0.7 1.0
putvoxel 27 44 22 0.0 0.0 0.7 1.0
putvoxel 26 44 22 0.0 0.0 0.7 1.0
putvoxel 26 43 22 0.0 0.0 0.7 1.0
putbox 26 31 45 47 20 21 0.0 0.6 1.0 1.0
putbox 26 31 45 47 22 23 0.0 0.6 1.0 1.0
putvoxel 25 46 22 0.0 0.6 1.0 1.0
putvoxel 31 46 22 0.0 0.6 1.0 1.0
putvoxel 25 46 20 0.0 0.6 1.0 1.0
putvoxel 31 46 20 0.0 0.6 1.0 1.0
putbox 26 31 49 51 20 21 0.0 0.6 1.0 1.0
putbox 26 31 49 51 22 23 0.0 0.6 1.0 1.0
putvoxel 31 49 22 0.0 0.6 1.0 1.0
putvoxel 25 49 22 0.0 0.6 1.0 1.0
putvoxel 31 49 20 0.0 0.6 1.0 1.0
putvoxel 25 49 20 0.0 0.6 1.0 1.0
putvoxel 24 49 20 0.0 0.6 1.0 1.0
putvoxel 32 49 20 0.0 0.6 1.0 1.0
putvoxel 24 49 22 0.0 0.6 1.0 1.0
putvoxel 32 49 22 0.0 0.6 1.0 1.0
putvoxel 24 46 22 0.0 0.6 1.0 1.0
putvoxel 24 46 20 0.0 0.6 1.0 1.0
putvoxel 25 45 22 0.0 0.0 0.7 1.0
putvoxel 31 45 22 0.0 0.0 0.7 1.0
putvoxel 25 45 20 0.0 0.0 0.7 1.0
putvoxel 31 45 20 0.0 0.0 0.7 1.0
putvoxel 32 46 22 0.0 0.6 1.0 1.0
putvoxel 32 46 20 0.0 0.6 1.0 1.0
putvoxel 31 50 20 0.0 0.0 0.7 1.0
putvoxel 31 50 22 0.0 0.0 0.7 1.0
putvoxel 25 50 20 0.0 0.0 0.7 1.0
putvoxel 25 50 22 0.0 0.0 0.7 1.0
putbox 26 31 51 52 20 21 0.0 0.0 0.7 1.0
putbox 26 31 51 52 22 23 0.0 0.0 0.7 1.0
putbox 26 31 52 77 21 22 0.15 0.15 0.15 1.0
putbox 27 30 53 55 21 22 0.0 0.0 0.7 1.0
putbox 27 30 56 58 21 22 0.0 0.0 0.7 1.0
putbox 27 30 59 61 21 22 0.0 0.0 0.7 1.0
putbox 27 30 62 64 21 22 0.0 0.0 0.7 1.0
putbox 27 30 65 67 21 22 0.0 0.0 0.7 1.0
putbox 27 30 68 70 21 22 0.0 0.0 0.7 1.0
putbox 26 31 71 72 21 22 0.0 0.0 0.7 1.0
putvoxel 30 72 21 0.0 0.0 0.7 1.0
putvoxel 31 72 21 0.0 0.0 0.7 1.0
putvoxel 26 72 21 0.0 0.0 0.7 1.0
putvoxel 31 73 21 0.0 0.0 0.7 1.0
putvoxel 25 72 21 0.0 0.0 0.7 1.0
putvoxel 25 73 21 0.0 0.0 0.7 1.0
putbox 28 29 55 69 22 23 0.0 0.6 0.7 1.0
putbox 28 29 55 69 20 21 0.0 0.6 0.7 1.0
putvoxel 27 72 20 0.15 0.15 0.15 1.0
putvoxel 28 72 20 0.15 0.15 0.15 1.0
putvoxel 29 72 20 0.15 0.15 0.15 1.0
putvoxel 27 72 22 0.15 0.15 0.15 1.0
putvoxel 28 72 22 0.15 0.15 0.15 1.0
putvoxel 29 72 22 0.15 0.15 0.15 1.0
putvoxel 30 73 22 0.15 0.15 0.15 1.0
putvoxel 26 73 22 0.15 0.15 0.15 1.0
putvoxel 26 73 20 0.15 0.15 0.15 1.0
putvoxel 30 73 20 0.15 0.15 0.15 1.0
putbox 27 30 73 76 22 23 0.0 0.6 0.7 1.0
putbox 27 30 73 76 20 21 0.0 0.6 0.7 1.0
putvoxel 30 74 20 0.0 0.6 0.7 1.0
putvoxel 30 74 22 0.0 0.6 0.7 1.0
putvoxel 30 75 20 0.0 0.6 0.7 1.0
putvoxel 30 75 22 0.0 0.6 0.7 1.0
putvoxel 26 74 20 0.0 0.6 0.7 1.0
putvoxel 26 74 22 0.0 0.6 0.7 1.0
putvoxel 26 75 20 0.0 0.6 0.7 1.0
putvoxel 26 75 22 0.0 0.6 0.7 1.0
putvoxel 28 76 22 0.0 0.6 0.7 1.0
putvoxel 28 76 20 0.0 0.6 0.7 1.0
putvoxel 27 76 22 0.0 0.0 0.7 1.0
putvoxel 27 77 22 0.0 0.0 0.7 1.0
putvoxel 29 76 22 0.0 0.0 0.7 1.0
putvoxel 29 77 22 0.0 0.0 0.7 1.0
putvoxel 27 76 20 0.0 0.0 0.7 1.0
putvoxel 27 77 20 0.0 0.0 0.7 1.0
putvoxel 29 76 20 0.0 0.0 0.7 1.0
putvoxel 29 77 20 0.0 0.0 0.7 1.0
putvoxel 28 77 22 0.0 0.0 0.7 1.0
putvoxel 28 77 20 0.0 0.0 0.7 1.0
putvoxel 28 78 22 0.0 0.0 0.7 1.0
putvoxel 28 78 20 0.0 0.0 0.7 1.0
putvoxel 31 71 21 0.15 0.15 0.15 1.0
putvoxel 25 71 21 0.15 0.15 0.15 1.0
putvoxel 32 72 21 0.15 0.15 0.15 1.0
putvoxel 24 72 21 0.15 0.15 0.15 1.0
putvoxel 32 73 21 0.15 0.15 0.15 1.0
putvoxel 24 73 21 0.15 0.15 0.15 1.0
putvoxel 31 74 21 0.15 0.15 0.15 1.0
putvoxel 25 74 21 0.15 0.15 0.15 1.0
putvoxel 31 75 21 0.15 0.15 0.15 1.0
putvoxel 25 75 21 0.15 0.15 0.15 1.0
putvoxel 30 76 21 0.15 0.15 0.15 1.0
putvoxel 26 76 21 0.15 0.15 0.15 1.0
putvoxel 30 77 21 0.15 0.15 0.15 1.0
putvoxel 26 77 21 0.15 0.15 0.15 1.0
putvoxel 29 78 21 0.15 0.15 0.15 1.0
putvoxel 27 78 21 0.15 0.15 0.15 1.0
putvoxel 28 79 21 0.15 0.15 0.15 1.0
putvoxel 25 51 21 0.15 0.15 0.15 1.0
putvoxel 24 50 21 0.15 0.15 0.15 1.0
putvoxel 23 49 21 0.15 0.15 0.15 1.0
putvoxel 23 48 21 0.15 0.15 0.15 1.0
putvoxel 23 47 21 0.15 0.15 0.15 1.0
putvoxel 24 45 21 0.15 0.15 0.15 1.0
putvoxel 23 46 21 0.15 0.15 0.15 1.0
putvoxel 24 48 21 0.15 0.15 0.15 1.0
putvoxel 24 47 21 0.15 0.15 0.15 1.0
putvoxel 24 44 21 0.0 0.0 0.7 1.0
putvoxel 24 43 21 0.0 0.0 0.7 1.0
putvoxel 23 43 21 0.0 0.0 0.7 1.0
putvoxel 22 43 21 0.0 0.0 0.7 1.0
putvoxel 21 43 21 0.0 0.0 0.7 1.0
putvoxel 22 48 21 0.15 0.15 0.15 1.0
putvoxel 22 37 21 0.15 0.15 0.15 1.0
putvoxel 22 38 21 0.15 0.15 0.15 1.0
putvoxel 21 38 21 0.15 0.15 0.15 1.0
putvoxel 23 38 21 0.15 0.15 0.15 1.0
putvoxel 21 39 21 0.0 0.0 0.7 1.0
putvoxel 22 39 21 0.0 0.0 0.7 1.0
putvoxel 23 39 21 0.0 0.0 0.7 1.0
putvoxel 24 39 21 0.15 0.15 0.15 1.0
putvoxel 20 39 21 0.15 0.15 0.15 1.0
putvoxel 19 39 21 0.15 0.15 0.15 1.0
putvoxel 19 38 21 0.15 0.15 0.15 1.0
putvoxel 18 37 21 0.15 0.15 0.15 1.0
putvoxel 18 36 21 0.15 0.15 0.15 1.0
putvoxel 17 35 21 0.15 0.15 0.15 1.0
putvoxel 16 34 21 0.15 0.15 0.15 1.0
putvoxel 16 33 21 0.15 0.15 0.15 1.0
putvoxel 16 32 21 0.15 0.15 0.15 1.0
putbox 4 16 31 32 21 22 0.15 0.15 0.15 1.0
putvoxel 4 32 21 0.15 0.15 0.15 1.0
putvoxel 5 33 21 0.15 0.15 0.15 1.0
putvoxel 5 34 21 0.15 0.15 0.15 1.0
putvoxel 6 35 21 0.15 0.15 0.15 1.0
putvoxel 6 36 21 0.15 0.15 0.15 1.0
putvoxel 6 37 21 0.15 0.15 0.15 1.0
putvoxel 7 38 21 0.15 0.15 0.15 1.0
putvoxel 7 39 21 0.15 0.15 0.15 1.0
putvoxel 8 40 21 0.15 0.15 0.15 1.0
putvoxel 8 41 21 0.15 0.15 0.15 1.0
putvoxel 9 42 21 0.15 0.15 0.15 1.0
putvoxel 9 43 21 0.15 0.15 0.15 1.0
putvoxel 10 44 21 0.15 0.15 0.15 1.0
putvoxel 11 45 21 0.15 0.15 0.15 1.0
putvoxel 12 46 21 0.15 0.15 0.15 1.0
putvoxel 13 47 21 0.15 0.15 0.15 1.0
putvoxel 14 47 21 0.15 0.15 0.15 1.0
putvoxel 14 48 21 0.15 0.15 0.15 1.0
putvoxel 15 48 21 0.15 0.15 0.15 1.0
putvoxel 16 47 21 0.15 0.15 0.15 1.0
putvoxel 17 47 21 0.15 0.15 0.15 1.0
putvoxel 18 47 21 0.15 0.15 0.15 1.0
putvoxel 19 46 21 0.15 0.15 0.15 1.0
putvoxel 20 46 21 0.15 0.15 0.15 1.0
putvoxel 21 47 21 0.15 0.15 0.15 1.0
putvoxel 22 47 21 0.15 0.15 0.15 1.0
putvoxel 34 37 21 0.15 0.15 0.15 1.0
putvoxel 34 38 21 0.15 0.15 0.15 1.0
putvoxel 33 38 21 0.15 0.15 0.15 1.0
putvoxel 35 38 21 0.15 0.15 0.15 1.0
putvoxel 34 39 21 0.0 0.0 0.7 1.0
putvoxel 35 39 21 0.0 0.0 0.7 1.0
putvoxel 33 39 21 0.0 0.0 0.7 1.0
putvoxel 32 39 21 0.15 0.15 0.15 1.0
putvoxel 36 39 21 0.15 0.15 0.15 1.0
putvoxel 37 39 21 0.15 0.15 0.15 1.0
putvoxel 37 40 21 0.15 0.15 0.15 1.0
putvoxel 37 38 21 0.15 0.15 0.15 1.0
putvoxel 38 37 21 0.15 0.15 0.15 1.0
putvoxel 38 36 21 0.15 0.15 0.15 1.0
putvoxel 39 35 21 0.15 0.15 0.15 1.0
putvoxel 40 34 21 0.15 0.15 0.15 1.0
putvoxel 40 33 21 0.15 0.15 0.15 1.0
putvoxel 40 32 21 0.15 0.15 0.15 1.0
putbox 41 52 31 32 21 22 0.15 0.15 0.15 1.0
putvoxel 52 32 21 0.15 0.15 0.15 1.0
putvoxel 51 33 21 0.15 0.15 0.15 1.0
putvoxel 51 34 21 0.15 0.15 0.15 1.0
putvoxel 50 35 21 0.15 0.15 0.15 1.0
putvoxel 50 36 21 0.15 0.15 0.15 1.0
putvoxel 50 37 21 0.15 0.15 0.15 1.0
putvoxel 49 38 21 0.15 0.15 0.15 1.0
putvoxel 49 39 21 0.15 0.15 0.15 1.0
putvoxel 48 40 21 0.15 0.15 0.15 1.0
putvoxel 48 41 21 0.15 0.15 0.15 1.0
putvoxel 47 42 21 0.15 0.15 0.15 1.0
putvoxel 47 43 21 0.15 0.15 0.15 1.0
putvoxel 46 44 21 0.15 0.15 0.15 1.0
putvoxel 45 45 21 0.15 0.15 0.15 1.0
putvoxel 44 46 21 0.15 0.15 0.15 1.0
putvoxel 43 47 21 0.15 0.15 0.15 1.0
putvoxel 42 47 21 0.15 0.15 0.15 1.0
putvoxel 42 48 21 0.15 0.15 0.15 1.0
putvoxel 41 48 21 0.15 0.15 0.15 1.0
putvoxel 40 47 21 0.15 0.15 0.15 1.0
putvoxel 39 47 21 0.15 0.15 0.15 1.0
putvoxel 38 47 21 0.15 0.15 0.15 1.0
putvoxel 37 46 21 0.15 0.15 0.15 1.0
putvoxel 36 46 21 0.15 0.15 0.15 1.0
putvoxel 35 47 21 0.15 0.15 0.15 1.0
putvoxel 34 47 21 0.15 0.15 0.15 1.0
putvoxel 33 47 21 0.15 0.15 0.15 1.0
putvoxel 33 48 21 0.15 0.15 0.15 1.0
putvoxel 34 48 21 0.15 0.15 0.15 1.0
putvoxel 33 49 21 0.15 0.15 0.15 1.0
putvoxel 32 50 21 0.15 0.15 0.15 1.0
putvoxel 31 51 21 0.15 0.15 0.15 1.0
putvoxel 32 48 21 0.15 0.15 0.15 1.0
putvoxel 32 47 21 0.15 0.15 0.15 1.0
putvoxel 32 46 21 0.15 0.15 0.15 1.0
putvoxel 32 45 21 0.15 0.15 0.15 1.0
putvoxel 32 44 21 0.0 0.0 0.7 1.0
putvoxel 32 43 21 0.15 0.15 0.15 1.0
putvoxel 32 42 21 0.15 0.15 0.15 1.0
putvoxel 32 41 21 0.0 0.0 0.7 1.0
putvoxel 32 40 21 0.15 0.15 0.15 1.0
putvoxel 32 39 21 0.15 0.15 0.15 1.0
putvoxel 33 44 22 0.0 0.6 0.7 1.0
putvoxel 33 44 20 0.0 0.6 0.7 1.0
putvoxel 34 44 22 0.0 0.6 0.7 1.0
putvoxel 34 44 20 0.0 0.6 0.7 1.0
putvoxel 35 44 20 0.0 0.6 0.7 1.0
putvoxel 36 44 20 0.0 0.6 0.7 1.0
putvoxel 34 45 20 0.0 0.6 0.7 1.0
putvoxel 35 45 20 0.0 0.6 0.7 1.0
putvoxel 36 45 20 0.0 0.6 0.7 1.0
putvoxel 37 45 20 0.0 0.6 0.7 1.0
putvoxel 37 46 20 0.0 0.6 0.7 1.0
putvoxel 38 46 20 0.0 0.6 0.7 1.0
putvoxel 34 44 22 0.0 0.6 0.7 1.0
putvoxel 35 44 22 0.0 0.6 0.7 1.0
putvoxel 36 44 22 0.0 0.6 0.7 1.0
putvoxel 34 45 22 0.0 0.6 0.7 1.0
putvoxel 35 45 22 0.0 0.6 0.7 1.0
putvoxel 36 45 22 0.0 0.6 0.7 1.0
putvoxel 37 45 22 0.0 0.6 0.7 1.0
putvoxel 37 46 22 0.0 0.6 0.7 1.0
putvoxel 38 46 22 0.0 0.6 0.7 1.0
putvoxel 37 47 21 0.15 0.15 0.15 1.0
putvoxel 35 46 21 0.15 0.15 0.15 1.0
putvoxel 34 46 21 0.15 0.15 0.15 1.0
putvoxel 33 46 21 0.15 0.15 0.15 1.0
putvoxel 33 45 21 0.0 0.0 0.7 1.0
putvoxel 33 43 21 0.0 0.0 0.7 1.0
putvoxel 34 43 21 0.0 0.0 0.7 1.0
putvoxel 35 43 21 0.0 0.0 0.7 1.0
putvoxel 36 43 21 0.15 0.15 0.15 1.0
putvoxel 37 44 21 0.0 0.0 0.7 1.0 
putvoxel 38 45 21 0.0 0.0 0.7 1.0
putvoxel 39 46 21 0.0 0.0 0.7 1.0
putvoxel 40 46 21 0.15 0.15 0.15 1.0
putvoxel 41 46 21 0.15 0.15 0.15 1.0
putvoxel 41 47 21 0.0 0.0 0.7 1.0
putvoxel 42 46 22 0.0 0.6 0.7 1.0
putvoxel 42 46 20 0.0 0.6 0.7 1.0
putvoxel 43 45 22 0.0 0.6 0.7 1.0
putvoxel 44 44 22 0.0 0.6 0.7 1.0
putvoxel 45 43 22 0.0 0.6 0.7 1.0
putvoxel 45 42 22 0.0 0.6 0.7 1.0
putvoxel 46 41 22 0.0 0.6 0.7 1.0
putvoxel 46 40 22 0.0 0.6 0.7 1.0
putvoxel 47 40 22 0.0 0.6 0.7 1.0
putvoxel 47 39 22 0.0 0.6 0.7 1.0
putvoxel 47 38 22 0.0 0.6 0.7 1.0
putvoxel 48 37 22 0.0 0.6 0.7 1.0
putvoxel 49 36 22 0.0 0.6 0.7 1.0
putvoxel 49 35 22 0.0 0.6 0.7 1.0
putvoxel 49 34 22 0.0 0.6 0.7 1.0
putvoxel 49 33 22 0.0 0.6 0.7 1.0
putvoxel 43 45 20 0.0 0.6 0.7 1.0
putvoxel 44 44 20 0.0 0.6 0.7 1.0
putvoxel 45 43 20 0.0 0.6 0.7 1.0
putvoxel 45 42 20 0.0 0.6 0.7 1.0
putvoxel 46 41 20 0.0 0.6 0.7 1.0
putvoxel 46 40 20 0.0 0.6 0.7 1.0
putvoxel 47 40 20 0.0 0.6 0.7 1.0
putvoxel 47 39 20 0.0 0.6 0.7 1.0
putvoxel 47 38 20 0.0 0.6 0.7 1.0
putvoxel 48 37 20 0.0 0.6 0.7 1.0
putvoxel 49 36 20 0.0 0.6 0.7 1.0
putvoxel 49 35 20 0.0 0.6 0.7 1.0
putvoxel 49 34 20 0.0 0.6 0.7 1.0
putvoxel 49 33 20 0.0 0.6 0.7 1.0
putvoxel 49 37 21 0.0 0.0 0.7 1.0
putvoxel 48 38 21 0.0 0.0 0.7 1.0
putvoxel 48 39 21 0.0 0.0 0.7 1.0
putvoxel 47 41 21 0.0 0.0 0.7 1.0
putvoxel 46 42 21 0.0 0.0 0.7 1.0
putvoxel 46 43 21 0.0 0.0 0.7 1.0
putvoxel 45 44 21 0.0 0.0 0.7 1.0
putvoxel 44 45 21 0.0 0.0 0.7 1.0
putvoxel 43 46 21 0.0 0.0 0.7 1.0
putvoxel 49 32 21 0.15 0.15 0.15 1.0
putvoxel 50 32 21 0.0 0.0 0.7 1.0
putvoxel 51 32 21 0.0 0.0 0.7 1.0
putvoxel 50 33 21 0.0 0.0 0.7 1.0
putvoxel 50 34 21 0.0 0.0 0.7 1.0
putvoxel 52 31 21 0.15 0.15 0.15 1.0
putvoxel 48 32 21 0.0 0.0 0.7 1.0 
putvoxel 48 33 21 0.15 0.15 0.15 1.0 
putvoxel 48 34 21 0.15 0.15 0.15 1.0 
putvoxel 48 35 21 0.15 0.15 0.15 1.0 
putvoxel 47 36 21 0.15 0.15 0.15 1.0 
putvoxel 47 37 21 0.15 0.15 0.15 1.0
putvoxel 46 38 21 0.15 0.15 0.15 1.0 
putvoxel 46 39 21 0.15 0.15 0.15 1.0  
putvoxel 45 40 21 0.15 0.15 0.15 1.0 
putvoxel 45 41 21 0.15 0.15 0.15 1.0 
putvoxel 44 42 21 0.15 0.15 0.15 1.0
putvoxel 44 43 21 0.15 0.15 0.15 1.0
putvoxel 43 44 21 0.15 0.15 0.15 1.0
putvoxel 42 45 21 0.15 0.15 0.15 1.0
putvoxel 41 45 21 0.15 0.15 0.15 1.0
putvoxel 40 45 21 0.15 0.15 0.15 1.0
putvoxel 39 45 21 0.15 0.15 0.15 1.0
putvoxel 38 44 21 0.15 0.15 0.15 1.0
putvoxel 37 43 21 0.15 0.15 0.15 1.0
putvoxel 36 42 21 0.15 0.15 0.15 1.0
putvoxel 35 42 21 0.15 0.15 0.15 1.0
putvoxel 34 42 21 0.15 0.15 0.15 1.0
putvoxel 33 42 21 0.15 0.15 0.15 1.0
putvoxel 47 32 21 0.0 0.0 0.7 1.0 
putvoxel 46 32 21 0.0 0.0 0.7 1.0 
putvoxel 47 33 21 0.0 0.0 0.7 1.0 
putvoxel 47 34 21 0.0 0.0 0.7 1.0 
putvoxel 47 35 21 0.0 0.0 0.7 1.0 
putvoxel 48 36 21 0.0 0.0 0.7 1.0 
putvoxel 46 36 21 0.0 0.0 0.7 1.0
putvoxel 46 36 21 0.0 0.0 0.7 1.0 
putvoxel 46 37 21 0.0 0.0 0.7 1.0
putvoxel 45 39 21 0.0 0.0 0.7 1.0  
putvoxel 44 41 21 0.0 0.0 0.7 1.0  
putvoxel 43 42 21 0.0 0.0 0.7 1.0 
putvoxel 43 43 21 0.0 0.0 0.7 1.0 
putvoxel 42 44 21 0.0 0.0 0.7 1.0
putvoxel 41 44 21 0.0 0.0 0.7 1.0 
putvoxel 33 41 21 0.0 0.0 0.7 1.0
putvoxel 33 40 21 0.15 0.15 0.15 1.0
putvoxel 34 41 21 0.15 0.15 0.15 1.0
putvoxel 35 41 22 0.0 0.6 0.7 1.0
putvoxel 35 40 22 0.0 0.6 0.7 1.0
putvoxel 34 40 22 0.0 0.6 0.7 1.0
putvoxel 35 41 20 0.0 0.6 0.7 1.0
putvoxel 35 40 20 0.0 0.6 0.7 1.0
putvoxel 34 40 20 0.0 0.6 0.7 1.0
putvoxel 36 40 21 0.0 0.0 0.7 1.0
putvoxel 36 42 21 0.0 0.0 0.7 1.0
putvoxel 37 42 22 0.0 0.6 0.7 1.0
putvoxel 37 41 22 0.0 0.6 0.7 1.0
putvoxel 38 41 22 0.0 0.6 0.7 1.0
putvoxel 38 40 22 0.0 0.6 0.7 1.0
putvoxel 38 39 22 0.0 0.6 0.7 1.0
putvoxel 38 38 22 0.0 0.6 0.7 1.0
putvoxel 39 40 22 0.0 0.6 0.7 1.0
putvoxel 39 39 22 0.0 0.6 0.7 1.0
putvoxel 39 38 22 0.0 0.6 0.7 1.0
putvoxel 39 37 22 0.0 0.6 0.7 1.0
putvoxel 39 36 22 0.0 0.6 0.7 1.0
putvoxel 40 37 22 0.0 0.6 0.7 1.0
putvoxel 40 36 22 0.0 0.6 0.7 1.0
putvoxel 40 35 22 0.0 0.6 0.7 1.0
putvoxel 41 35 22 0.0 0.6 0.7 1.0
putvoxel 41 34 22 0.0 0.6 0.7 1.0
putvoxel 41 33 22 0.0 0.6 0.7 1.0
putvoxel 37 42 20 0.0 0.6 0.7 1.0
putvoxel 37 41 20 0.0 0.6 0.7 1.0
putvoxel 38 41 20 0.0 0.6 0.7 1.0
putvoxel 38 40 20 0.0 0.6 0.7 1.0
putvoxel 38 39 20 0.0 0.6 0.7 1.0
putvoxel 38 38 20 0.0 0.6 0.7 1.0
putvoxel 39 40 20 0.0 0.6 0.7 1.0
putvoxel 39 39 20 0.0 0.6 0.7 1.0
putvoxel 39 38 20 0.0 0.6 0.7 1.0
putvoxel 39 37 20 0.0 0.6 0.7 1.0
putvoxel 39 36 20 0.0 0.6 0.7 1.0
putvoxel 40 37 20 0.0 0.6 0.7 1.0
putvoxel 40 36 20 0.0 0.6 0.7 1.0
putvoxel 40 35 20 0.0 0.6 0.7 1.0
putvoxel 41 35 20 0.0 0.6 0.7 1.0
putvoxel 41 34 20 0.0 0.6 0.7 1.0
putvoxel 41 33 20 0.0 0.6 0.7 1.0
putvoxel 41 32 21 0.0 0.0 0.7 1.0
putvoxel 42 32 21 0.0 0.0 0.7 1.0
putvoxel 42 33 21 0.0 0.0 0.7 1.0
putvoxel 42 34 21 0.0 0.0 0.7 1.0
putvoxel 42 35 21 0.0 0.0 0.7 1.0
putvoxel 43 32 21 0.0 0.0 0.7 1.0
putvoxel 41 36 21 0.0 0.0 0.7 1.0
putvoxel 41 37 21 0.0 0.0 0.7 1.0
putvoxel 40 38 21 0.0 0.0 0.7 1.0
putvoxel 40 39 21 0.0 0.0 0.7 1.0
putvoxel 39 41 21 0.0 0.0 0.7 1.0
putvoxel 39 42 21 0.0 0.0 0.7 1.0
putvoxel 38 42 21 0.0 0.0 0.7 1.0
putvoxel 38 43 21 0.15 0.15 0.15 1.0
putvoxel 39 43 21 0.15 0.15 0.15 1.0´
putvoxel 39 44 21 0.15 0.15 0.15 1.0
putvoxel 40 44 22 0.0 0.6 0.7 1.0
putvoxel 41 43 22 0.0 0.6 0.7 1.0
putvoxel 42 43 22 0.0 0.6 0.7 1.0
putvoxel 42 42 22 0.0 0.6 0.7 1.0
putvoxel 42 41 22 0.0 0.6 0.7 1.0
putvoxel 42 40 22 0.0 0.6 0.7 1.0
putvoxel 43 41 22 0.0 0.6 0.7 1.0
putvoxel 43 40 22 0.0 0.6 0.7 1.0
putvoxel 43 39 22 0.0 0.6 0.7 1.0
putvoxel 43 38 22 0.0 0.6 0.7 1.0
putvoxel 44 40 22 0.0 0.6 0.7 1.0
putvoxel 44 39 22 0.0 0.6 0.7 1.0
putvoxel 44 38 22 0.0 0.6 0.7 1.0
putvoxel 44 37 22 0.0 0.6 0.7 1.0
putvoxel 44 36 22 0.0 0.6 0.7 1.0
putvoxel 45 38 22 0.0 0.6 0.7 1.0
putvoxel 45 37 22 0.0 0.6 0.7 1.0
putvoxel 45 36 22 0.0 0.6 0.7 1.0
putvoxel 45 35 22 0.0 0.6 0.7 1.0
putvoxel 45 34 22 0.0 0.6 0.7 1.0
putvoxel 45 33 22 0.0 0.6 0.7 1.0
putvoxel 46 35 22 0.0 0.6 0.7 1.0
putvoxel 46 34 22 0.0 0.6 0.7 1.0
putvoxel 46 33 22 0.0 0.6 0.7 1.0
putvoxel 40 44 20 0.0 0.6 0.7 1.0
putvoxel 41 43 20 0.0 0.6 0.7 1.0
putvoxel 42 43 20 0.0 0.6 0.7 1.0
putvoxel 42 42 20 0.0 0.6 0.7 1.0
putvoxel 42 41 20 0.0 0.6 0.7 1.0
putvoxel 42 40 20 0.0 0.6 0.7 1.0
putvoxel 43 41 20 0.0 0.6 0.7 1.0
putvoxel 43 40 20 0.0 0.6 0.7 1.0
putvoxel 43 39 20 0.0 0.6 0.7 1.0
putvoxel 43 38 20 0.0 0.6 0.7 1.0
putvoxel 44 40 20 0.0 0.6 0.7 1.0
putvoxel 44 39 20 0.0 0.6 0.7 1.0
putvoxel 44 38 20 0.0 0.6 0.7 1.0
putvoxel 44 37 20 0.0 0.6 0.7 1.0
putvoxel 44 36 20 0.0 0.6 0.7 1.0
putvoxel 45 38 20 0.0 0.6 0.7 1.0
putvoxel 45 37 20 0.0 0.6 0.7 1.0
putvoxel 45 36 20 0.0 0.6 0.7 1.0
putvoxel 45 35 20 0.0 0.6 0.7 1.0
putvoxel 45 34 20 0.0 0.6 0.7 1.0
putvoxel 45 33 20 0.0 0.6 0.7 1.0
putvoxel 46 35 20 0.0 0.6 0.7 1.0
putvoxel 46 34 20 0.0 0.6 0.7 1.0
putvoxel 46 33 20 0.0 0.6 0.7 1.0
putvoxel 44 32 21 0.15 0.15 0.15 1.0
putvoxel 45 32 21 0.15 0.15 0.15 1.0
putvoxel 44 33 22 0.0 0.6 0.7 1.0
putvoxel 44 34 22 0.0 0.6 0.7 1.0
putvoxel 44 35 22 0.0 0.6 0.7 1.0
putvoxel 43 36 22 0.0 0.6 0.7 1.0
putvoxel 43 37 22 0.0 0.6 0.7 1.0
putvoxel 42 38 22 0.0 0.6 0.7 1.0
putvoxel 42 39 22 0.0 0.6 0.7 1.0
putvoxel 41 40 22 0.0 0.6 0.7 1.0
putvoxel 41 41 22 0.0 0.6 0.7 1.0
putvoxel 41 42 22 0.0 0.6 0.7 1.0
putvoxel 40 43 22 0.0 0.6 0.7 1.0
putvoxel 39 44 22 0.0 0.6 0.7 1.0
putvoxel 43 32 21 0.15 0.15 0.15 1.0
putvoxel 43 33 21 0.15 0.15 0.15 1.0
putvoxel 43 34 21 0.15 0.15 0.15 1.0
putvoxel 43 35 21 0.15 0.15 0.15 1.0
putvoxel 42 36 21 0.15 0.15 0.15 1.0
putvoxel 42 37 21 0.15 0.15 0.15 1.0
putvoxel 41 38 21 0.15 0.15 0.15 1.0
putvoxel 41 39 21 0.15 0.15 0.15 1.0
putvoxel 40 40 21 0.15 0.15 0.15 1.0
putvoxel 40 41 21 0.15 0.15 0.15 1.0
putvoxel 40 42 21 0.15 0.15 0.15 1.0
putvoxel 44 33 20 0.0 0.6 0.7 1.0
putvoxel 44 34 20 0.0 0.6 0.7 1.0
putvoxel 44 35 20 0.0 0.6 0.7 1.0
putvoxel 43 36 20 0.0 0.6 0.7 1.0
putvoxel 43 37 20 0.0 0.6 0.7 1.0
putvoxel 42 38 20 0.0 0.6 0.7 1.0
putvoxel 42 39 20 0.0 0.6 0.7 1.0
putvoxel 41 40 20 0.0 0.6 0.7 1.0
putvoxel 41 41 20 0.0 0.6 0.7 1.0
putvoxel 41 42 20 0.0 0.6 0.7 1.0
putvoxel 40 43 20 0.0 0.6 0.7 1.0
putvoxel 39 44 20 0.0 0.6 0.7 1.0
putvoxel 36 41 21 0.15 0.15 0.15 1.0
putvoxel 24 43 21 0.15 0.15 0.15 1.0
putvoxel 23 45 21 0.0 0.0 0.7 1.0
putvoxel 23 44 22 0.0 0.6 0.7 1.0
putvoxel 22 44 22 0.0 0.6 0.7 1.0
putvoxel 21 44 22 0.0 0.6 0.7 1.0
putvoxel 20 44 22 0.0 0.6 0.7 1.0
putvoxel 22 45 22 0.0 0.6 0.7 1.0
putvoxel 21 45 22 0.0 0.6 0.7 1.0
putvoxel 20 45 22 0.0 0.6 0.7 1.0
putvoxel 19 45 22 0.0 0.6 0.7 1.0
putvoxel 19 46 22 0.0 0.6 0.7 1.0
putvoxel 18 46 22 0.0 0.6 0.7 1.0
putvoxel 23 44 20 0.0 0.6 0.7 1.0
putvoxel 22 44 20 0.0 0.6 0.7 1.0
putvoxel 21 44 20 0.0 0.6 0.7 1.0
putvoxel 20 44 20 0.0 0.6 0.7 1.0
putvoxel 22 45 20 0.0 0.6 0.7 1.0
putvoxel 21 45 20 0.0 0.6 0.7 1.0
putvoxel 20 45 20 0.0 0.6 0.7 1.0
putvoxel 19 45 20 0.0 0.6 0.7 1.0
putvoxel 19 46 20 0.0 0.6 0.7 1.0
putvoxel 18 46 20 0.0 0.6 0.7 1.0
putvoxel 19 47 21 0.15 0.15 0.15 1.0
putvoxel 22 46 21 0.15 0.15 0.15 1.0
putvoxel 21 46 21 0.15 0.15 0.15 1.0
putvoxel 20 43 21 0.15 0.15 0.15 1.0
putvoxel 19 43 21 0.15 0.15 0.15 1.0
putvoxel 18 44 21 0.15 0.15 0.15 1.0
putvoxel 17 45 21 0.15 0.15 0.15 1.0
putvoxel 16 46 21 0.15 0.15 0.15 1.0
putvoxel 15 47 21 0.0 0.0 0.7 1.0
putvoxel 17 46 21 0.0 0.0 0.7 1.0
putvoxel 18 45 21 0.0 0.0 0.7 1.0
putvoxel 19 44 21 0.0 0.0 0.7 1.0
putvoxel 20 42 21 0.0 0.0 0.7 1.0
putvoxel 20 41 21 0.15 0.15 0.15 1.0
putvoxel 20 40 21 0.0 0.0 0.7 1.0
putvoxel 19 42 22 0.0 0.6 0.7 1.0
putvoxel 19 41 22 0.0 0.6 0.7 1.0
putvoxel 18 41 22 0.0 0.6 0.7 1.0
putvoxel 18 40 22 0.0 0.6 0.7 1.0
putvoxel 18 39 22 0.0 0.6 0.7 1.0
putvoxel 18 38 22 0.0 0.6 0.7 1.0
putvoxel 17 40 22 0.0 0.6 0.7 1.0
putvoxel 17 39 22 0.0 0.6 0.7 1.0
putvoxel 17 38 22 0.0 0.6 0.7 1.0
putvoxel 17 37 22 0.0 0.6 0.7 1.0
putvoxel 17 36 22 0.0 0.6 0.7 1.0
putvoxel 16 37 22 0.0 0.6 0.7 1.0
putvoxel 16 36 22 0.0 0.6 0.7 1.0
putvoxel 16 35 22 0.0 0.6 0.7 1.0
putvoxel 15 35 22 0.0 0.6 0.7 1.0
putvoxel 15 34 22 0.0 0.6 0.7 1.0
putvoxel 15 33 22 0.0 0.6 0.7 1.0
putvoxel 19 42 20 0.0 0.6 0.7 1.0
putvoxel 19 41 20 0.0 0.6 0.7 1.0
putvoxel 18 41 20 0.0 0.6 0.7 1.0
putvoxel 18 40 20 0.0 0.6 0.7 1.0
putvoxel 18 39 20 0.0 0.6 0.7 1.0
putvoxel 18 38 20 0.0 0.6 0.7 1.0
putvoxel 17 40 20 0.0 0.6 0.7 1.0
putvoxel 17 39 20 0.0 0.6 0.7 1.0
putvoxel 17 38 20 0.0 0.6 0.7 1.0
putvoxel 17 37 20 0.0 0.6 0.7 1.0
putvoxel 17 36 20 0.0 0.6 0.7 1.0
putvoxel 16 37 20 0.0 0.6 0.7 1.0
putvoxel 16 36 20 0.0 0.6 0.7 1.0
putvoxel 16 35 20 0.0 0.6 0.7 1.0
putvoxel 15 35 20 0.0 0.6 0.7 1.0
putvoxel 15 34 20 0.0 0.6 0.7 1.0
putvoxel 15 33 20 0.0 0.6 0.7 1.0
putvoxel 15 32 21 0.0 0.0 0.7 1.0
putvoxel 14 32 21 0.0 0.0 0.7 1.0
putvoxel 14 33 21 0.0 0.0 0.7 1.0
putvoxel 14 34 21 0.0 0.0 0.7 1.0
putvoxel 14 35 21 0.0 0.0 0.7 1.0
putvoxel 15 36 21 0.0 0.0 0.7 1.0
putvoxel 15 37 21 0.0 0.0 0.7 1.0
putvoxel 16 38 21 0.0 0.0 0.7 1.0
putvoxel 16 39 21 0.0 0.0 0.7 1.0
putvoxel 17 41 21 0.0 0.0 0.7 1.0
putvoxel 17 42 21 0.0 0.0 0.7 1.0
putvoxel 18 42 21 0.0 0.0 0.7 1.0
putvoxel 16 42 21 0.15 0.15 0.15 1.0
putvoxel 16 41 21 0.15 0.15 0.15 1.0
putvoxel 16 40 21 0.15 0.15 0.15 1.0
putvoxel 15 39 21 0.15 0.15 0.15 1.0
putvoxel 15 38 21 0.15 0.15 0.15 1.0
putvoxel 14 37 21 0.15 0.15 0.15 1.0
putvoxel 14 36 21 0.15 0.15 0.15 1.0
putvoxel 13 35 21 0.15 0.15 0.15 1.0
putvoxel 13 34 21 0.15 0.15 0.15 1.0
putvoxel 13 33 21 0.15 0.15 0.15 1.0
putvoxel 13 32 21 0.15 0.15 0.15 1.0
putvoxel 12 32 21 0.15 0.15 0.15 1.0
putvoxel 11 32 21 0.15 0.15 0.15 1.0
putvoxel 10 32 21 0.0 0.0 0.7 1.0
putvoxel 9 32 21 0.0 0.0 0.7 1.0
putvoxel 8 32 21 0.0 0.0 0.7 1.0
putvoxel 9 33 21 0.0 0.0 0.7 1.0
putvoxel 9 34 21 0.0 0.0 0.7 1.0
putvoxel 9 35 21 0.0 0.0 0.7 1.0
putvoxel 10 36 21 0.0 0.0 0.7 1.0
putvoxel 10 37 21 0.0 0.0 0.7 1.0
putvoxel 11 39 21 0.0 0.0 0.7 1.0
putvoxel 12 41 21 0.0 0.0 0.7 1.0
putvoxel 13 42 21 0.0 0.0 0.7 1.0
putvoxel 13 43 21 0.0 0.0 0.7 1.0
putvoxel 14 44 21 0.0 0.0 0.7 1.0
putvoxel 15 44 21 0.0 0.0 0.7 1.0
putvoxel 16 44 22 0.0 0.6 0.7 1.0
putvoxel 16 43 22 0.0 0.6 0.7 1.0
putvoxel 17 44 22 0.0 0.6 0.7 1.0
putvoxel 15 43 22 0.0 0.6 0.7 1.0
putvoxel 14 43 22 0.0 0.6 0.7 1.0
putvoxel 15 42 22 0.0 0.6 0.7 1.0
putvoxel 14 42 22 0.0 0.6 0.7 1.0
putvoxel 15 41 22 0.0 0.6 0.7 1.0
putvoxel 14 41 22 0.0 0.6 0.7 1.0
putvoxel 15 40 22 0.0 0.6 0.7 1.0
putvoxel 14 40 22 0.0 0.6 0.7 1.0
putvoxel 14 39 22 0.0 0.6 0.7 1.0
putvoxel 14 38 22 0.0 0.6 0.7 1.0
putvoxel 13 41 22 0.0 0.6 0.7 1.0
putvoxel 13 40 22 0.0 0.6 0.7 1.0
putvoxel 13 39 22 0.0 0.6 0.7 1.0
putvoxel 13 38 22 0.0 0.6 0.7 1.0
putvoxel 13 37 22 0.0 0.6 0.7 1.0
putvoxel 13 36 22 0.0 0.6 0.7 1.0
putvoxel 12 40 22 0.0 0.6 0.7 1.0
putvoxel 12 39 22 0.0 0.6 0.7 1.0
putvoxel 12 38 22 0.0 0.6 0.7 1.0
putvoxel 12 37 22 0.0 0.6 0.7 1.0
putvoxel 12 36 22 0.0 0.6 0.7 1.0
putvoxel 12 35 22 0.0 0.6 0.7 1.0
putvoxel 12 34 22 0.0 0.6 0.7 1.0
putvoxel 12 33 22 0.0 0.6 0.7 1.0
putvoxel 11 38 22 0.0 0.7 0.7 1.0
putvoxel 11 37 22 0.0 0.6 0.7 1.0
putvoxel 11 36 22 0.0 0.6 0.7 1.0
putvoxel 11 35 22 0.0 0.6 0.7 1.0
putvoxel 11 34 22 0.0 0.6 0.7 1.0
putvoxel 11 33 22 0.0 0.6 0.7 1.0
putvoxel 10 35 22 0.0 0.6 0.7 1.0
putvoxel 10 34 22 0.0 0.6 0.7 1.0
putvoxel 10 33 22 0.0 0.6 0.7 1.0
putvoxel 16 44 20 0.0 0.6 0.7 1.0
putvoxel 16 43 20 0.0 0.6 0.7 1.0
putvoxel 17 44 20 0.0 0.6 0.7 1.0
putvoxel 15 43 20 0.0 0.6 0.7 1.0
putvoxel 14 43 20 0.0 0.6 0.7 1.0
putvoxel 15 42 20 0.0 0.6 0.7 1.0
putvoxel 14 42 20 0.0 0.6 0.7 1.0
putvoxel 15 41 20 0.0 0.6 0.7 1.0
putvoxel 14 41 20 0.0 0.6 0.7 1.0
putvoxel 15 40 20 0.0 0.6 0.7 1.0
putvoxel 14 40 20 0.0 0.6 0.7 1.0
putvoxel 14 39 20 0.0 0.6 0.7 1.0
putvoxel 14 38 20 0.0 0.6 0.7 1.0
putvoxel 13 41 20 0.0 0.6 0.7 1.0
putvoxel 13 40 20 0.0 0.6 0.7 1.0
putvoxel 13 39 20 0.0 0.6 0.7 1.0
putvoxel 13 38 20 0.0 0.6 0.7 1.0
putvoxel 13 37 20 0.0 0.6 0.7 1.0
putvoxel 13 36 20 0.0 0.6 0.7 1.0
putvoxel 12 40 20 0.0 0.6 0.7 1.0
putvoxel 12 39 20 0.0 0.6 0.7 1.0
putvoxel 12 38 20 0.0 0.6 0.7 1.0
putvoxel 12 37 20 0.0 0.6 0.7 1.0
putvoxel 12 36 20 0.0 0.6 0.7 1.0
putvoxel 12 35 20 0.0 0.6 0.7 1.0
putvoxel 12 34 20 0.0 0.6 0.7 1.0
putvoxel 12 33 20 0.0 0.6 0.7 1.0
putvoxel 11 38 20 0.0 0.6 0.7 1.0
putvoxel 11 37 20 0.0 0.6 0.7 1.0
putvoxel 11 36 20 0.0 0.6 0.7 1.0
putvoxel 11 35 20 0.0 0.6 0.7 1.0
putvoxel 11 34 20 0.0 0.6 0.7 1.0
putvoxel 11 33 20 0.0 0.6 0.7 1.0
putvoxel 10 35 20 0.0 0.6 0.7 1.0
putvoxel 10 34 20 0.0 0.6 0.7 1.0
putvoxel 10 33 20 0.0 0.6 0.7 1.0
putvoxel 17 43 21 0.15 0.15 0.15 1.0
putvoxel 18 43 21 0.15 0.15 0.15 1.0
putvoxel 21 42 21 0.15 0.15 0.15 1.0
putvoxel 22 42 21 0.15 0.15 0.15 1.0
putvoxel 23 42 21 0.15 0.15 0.15 1.0
putvoxel 21 41 22 0.0 0.6 0.7 1.0
putvoxel 21 40 22 0.0 0.6 0.7 1.0
putvoxel 22 40 22 0.0 0.6 0.7 1.0
putvoxel 21 41 20 0.0 0.6 0.7 1.0
putvoxel 21 40 20 0.0 0.6 0.7 1.0
putvoxel 22 40 20 0.0 0.6 0.7 1.0
putvoxel 19 40 21 0.15 0.15 0.15 1.0
putvoxel 22 41 21 0.15 0.15 0.15 1.0
putvoxel 23 41 21 0.0 0.0 0.7 1.0
putvoxel 24 41 21 0.0 0.0 0.7 1.0
putvoxel 23 40 21 0.15 0.15 0.15 1.0
putvoxel 24 40 21 0.15 0.15 0.15 1.0
putvoxel 24 42 21 0.15 0.15 0.15 1.0
putvoxel 16 45 21 0.15 0.15 0.15 1.0
putvoxel 15 45 21 0.15 0.15 0.15 1.0
putvoxel 14 45 21 0.15 0.15 0.15 1.0
putvoxel 15 46 21 0.15 0.15 0.15 1.0
putvoxel 14 46 22 0.0 0.6 0.7 1.0
putvoxel 13 45 22 0.0 0.6 0.7 1.0
putvoxel 12 44 22 0.0 0.6 0.7 1.0
putvoxel 11 43 22 0.0 0.6 0.7 1.0
putvoxel 11 42 22 0.0 0.6 0.7 1.0
putvoxel 10 41 22 0.0 0.6 0.7 1.0
putvoxel 10 40 22 0.0 0.6 0.7 1.0
putvoxel 9 40 22 0.0 0.6 0.7 1.0
putvoxel 9 39 22 0.0 0.6 0.7 1.0
putvoxel 9 38 22 0.0 0.6 0.7 1.0
putvoxel 8 37 22 0.0 0.6 0.7 1.0
putvoxel 7 36 22 0.0 0.6 0.7 1.0
putvoxel 7 35 22 0.0 0.6 0.7 1.0
putvoxel 7 34 22 0.0 0.6 0.7 1.0
putvoxel 7 33 22 0.0 0.6 0.7 1.0
putvoxel 14 46 20 0.0 0.6 0.7 1.0
putvoxel 13 45 20 0.0 0.6 0.7 1.0
putvoxel 12 44 20 0.0 0.6 0.7 1.0
putvoxel 11 43 20 0.0 0.6 0.7 1.0
putvoxel 11 42 20 0.0 0.6 0.7 1.0
putvoxel 10 41 20 0.0 0.6 0.7 1.0
putvoxel 10 40 20 0.0 0.6 0.7 1.0
putvoxel 9 40 20 0.0 0.6 0.7 1.0
putvoxel 9 39 20 0.0 0.6 0.7 1.0
putvoxel 9 38 20 0.0 0.6 0.7 1.0
putvoxel 8 37 20 0.0 0.6 0.7 1.0
putvoxel 7 36 20 0.0 0.6 0.7 1.0
putvoxel 7 35 20 0.0 0.6 0.7 1.0
putvoxel 7 34 20 0.0 0.6 0.7 1.0
putvoxel 7 33 20 0.0 0.6 0.7 1.0
putvoxel 7 32 21 0.15 0.15 0.15 1.0
putvoxel 8 33 21 0.15 0.15 0.15 1.0
putvoxel 8 34 21 0.15 0.15 0.15 1.0
putvoxel 8 35 21 0.15 0.15 0.15 1.0
putvoxel 8 36 21 0.0 0.0 0.7 1.0
putvoxel 9 36 21 0.15 0.15 0.15 1.0
putvoxel 9 37 21 0.15 0.15 0.15 1.0
putvoxel 10 38 21 0.15 0.15 0.15 1.0
putvoxel 10 39 21 0.15 0.15 0.15 1.0
putvoxel 11 40 21 0.15 0.15 0.15 1.0
putvoxel 11 41 21 0.15 0.15 0.15 1.0
putvoxel 12 42 21 0.15 0.15 0.15 1.0
putvoxel 12 43 21 0.15 0.15 0.15 1.0
putvoxel 13 44 21 0.15 0.15 0.15 1.0
putvoxel 13 46 21 0.0 0.0 0.7 1.0
putvoxel 12 45 21 0.0 0.0 0.7 1.0
putvoxel 11 44 21 0.0 0.0 0.7 1.0
putvoxel 10 43 21 0.0 0.0 0.7 1.0
putvoxel 10 42 21 0.0 0.0 0.7 1.0
putvoxel 9 41 21 0.0 0.0 0.7 1.0
putvoxel 8 39 21 0.0 0.0 0.7 1.0
putvoxel 8 38 21 0.0 0.0 0.7 1.0
putvoxel 7 37 21 0.0 0.0 0.7 1.0
putvoxel 6 34 21 0.0 0.0 0.7 1.0
putvoxel 6 33 21 0.0 0.0 0.7 1.0
putvoxel 6 32 21 0.0 0.0 0.7 1.0
putvoxel 5 32 21 0.0 0.0 0.7 1.0
cutbox 0 0 0 0 0 0
putbox 0 0 0 0 0 0 0.0 0 0 0
putsphere 0 0 0 0 0.0 0.0 0.0 0.0
cutsphere 0 0 0 0
putellipsoid 0 0 0 0 0 0 0.0 0.0 0.0 0.0
cutellipsoid 0 0 0 0 0 0 0.0 0.0 0.0 0.0